0 0
10 0
10 10
0 10
0 0

10 0
19 0
19 9
10 9
10 0

0 10
7 10
7 17
0 17
0 10

13 9
19 9
19 15
13 15
13 9

15 15
19 15
19 19
15 19
15 15

11 15
15 15
15 19
11 19
11 15

7 10
10 10
10 13
7 13
7 10

10 12
13 12
13 15
10 15
10 12

10 9
13 9
13 12
10 12
10 9

8 16
11 16
11 19
8 19
8 16

7 13
10 13
10 16
7 16
7 13

1 17
3 17
3 19
1 19
1 17

6 17
8 17
8 19
6 19
6 17

4 17
6 17
6 19
4 19
4 17

3 18
4 18
4 19
3 19
3 18

10 15
11 15
11 16
10 16
10 15

7 16
8 16
8 17
7 17
7 16

3 17
4 17
4 18
3 18
3 17

0 17
1 17
1 18
0 18
0 17

0 18
1 18
1 19
0 19
0 18

